71.0
47.0
44.5
30.0
52.5
36.0
48.5
49.5
43.0
67.0
45.5
49.5
73.0
47.0
59.0
37.0
46.0
62.5
23.5
39.0
42.0
51.0
36.0
38.5
48.0
54.5
47.5
64.0
63.0
36.0
64.0
55.0
 0.0
23.0
55.0
36.0
54.0
36.0
52.0
52.0
38.0
34.5
65.0
53.0
75.0
53.0
35.0
48.5
69.0
51.0
56.0
37.5
53.0
35.0
60.5
39.5
54.5
71.0
59.5
17.5
45.5
33.0
36.0
42.0
33.0
37.5
28.5
58.5
31.0
35.5
50.5
57.0
48.5
31.0
26.5
37.0
53.5
42.5
41.5
61.0
48.0
65.0
28.0
52.0
47.5
70.0
56.0
44.0
20.0
39.5
53.0
50.0
49.0
66.0
32.0
48.5
33.5
34.5
43.5
67.0
49.0
63.5
62.0
49.0
45.0
46.5
56.0
44.5
46.0
57.0
38.0
51.0
38.0
55.0
48.0
54.0
44.0
36.0
46.0
63.0
59.0
60.0
 0.0
 0.0
 0.0
68.0
51.5
62.5
23.0
43.0
49.0
53.0
47.0
52.0
42.0
48.0
42.5
55.5
49.0
42.0
57.0
55.5
48.0
47.0
23.5
35.0
63.0
18.0
60.0
50.5
73.0
44.0
41.0
36.0
55.0
56.0
49.5
39.0
48.5
58.5
27.0
33.0
38.0
34.0
49.5
32.0
37.0
48.5
32.5
55.5
59.0
34.0
41.0
47.0
51.5
42.5
45.5
33.0
35.5
41.5
36.0
43.0
40.5
49.5
30.0
48.0
63.0
